//------------S
20.  0. 80.   0.    40.  10.  240.  75.  1.  0. 100. 200.
20.  0. 80.   0.    40.   0.    0.  75.  1.  0. 100. 200.

20.  0. 80.   0.    40.  250. -75.  75.  1.  0. 100. 200.
20.  0. 80.   0.    40.   0.    0.  75.  1.  0. 100. 200.



//------------T
0.   0. 1000. 0.    0.   0.   0.    0.   1.  0. 0.   20.
0.   0. 1000. 0.    0.   0.   0.    0.   1.  0. 0.   20. 

20.  0. 200.  0.    199. 250. 0.    75.  1.  0. 88.  90.
20.  0. 200.  0.    199. 0.   0.    75.  1.  0. 88.  90.

0.   0. 1000. 0.    0.   0.   0.    0.   1.  0. 0.   5. 
0.   0. 1000. 0.    0.   0.   0.    0.   1.  0. 0.   5.  



//------------H
100. 0. 400.  0.    360. 10.  115.  100. 1.  0. 60.  61.
100. 0. 400.  0.    360. 0.   0.    100. 1.  0. 60.  61.

100. 0. 400.  0.    360. 125. 0.    100. 1.  0. 60.  62.
100. 0. 400.  0.    360. 0.   0.    100. 1.  0. 60.  62.



//------------A
240. 0. 3805. -600. 160. 511. 0.    75.  4.  1. 31.  32.
98.  0. 3724. -600. 160. 50.  0.    100. 10. 1. 31.  32.



//------------N
420  0. 2005. 0.    0.   250. 0.    75.  3.  0. 24.  25.
560. 0. 2564. 0.    0.   60.  0.    75.  2.  0. 24.  25.



//------------T
0.   0. 1000. 0.    0.   0.   0.    0.   -1. 0. 0.   50.
0.   0. 1000. 0.    0.   0.   0.    0.   -1. 0. 0.   50.

20.  0. 200.  0.    199. 300. 0.    75.  1.  0. 88.  90.
20.  0. 200.  0.    199. 0.   0.    75.  1.  0. 88.  90.

0.   0. 1000. 0.    0.   0.   0.    0.   1.  0. 0.   5.
0.   0. 1000. 0.    0.   0.   0.    0.   1.  0. 0.   5.



//------------H
100. 0. 400.  0.    360. 10.  115.  100. 1.  0. 60.  61.
100. 0. 400.  0.    360. 0.   0.    100. 1.  0. 60.  61.

100. 0. 400.  0.    360. 125. 0.    100. 1.  0. 60.  62.
100. 0. 400.  0.    360. 0.   0.    100. 1.  0. 60.  62.



//------------E
650. 0. 205.  0.    200. 511. 0.    75.  2.  1. 12.  8.
90.  0. 1485. 0.    200. 50.  0.    100. 14. 1. 12.  8. 



//------------M
840. 0. 2045. -600. 0.   250. 0.    75.  1.  0. 10.  13. 
560. 0. 3165. -600. 0.   200. 0.    75.  1.  0. 10.  13.



//------------P
0.   0. 1000. 0.    0.   0.   0.    0.   1.  0. 0.   150.
0.   0. 1000. 0.    0.   0.   0.    0.   1.  0. 0.   150.

420. 0. 40.   0.    0.   200. 0.    75.  2.  0. 1.   1.
140. 0. 40.   0.    0.   75.  0.    100. 6.  0. 1.   1. 

0.   0. 1000. 0.    0.   0.   0.    0.   1.  0. 0.   5.
0.   0. 1000. 0.    0.   0.   0.    0.   1.  0. 0.   5.



//------------E
490. 0. 2970. 600.  0.   400. -100. 75.  4.  1. 5.   6.
65.  0. 3531. 600.  0.   15.  0.    100. 28. 1. 5.   6.



//------------L
550. 0. 2611. -600. 120. 80.  0.    75.  4.  1. 14.  15.
90.  0. 3851. -600. 120. 13.  0.    100. 21. 1. 14.  15.



//------------A
240. 0. 3131. 600.  160. 250. 250.  75.  -8.  1. 12. 13.
98.  0. 2971. 600.  160. 30.  0.    100. -20. 1. 12. 13.



//------------R
0.   0. 1000. 0.    0.   0.   0.    0.   1.   0. 0.  20.
0.   0. 1000. 0.    0.   0.   0.    0.   1.   0. 0.  20.

150. 0. 360.  0.    359. 150. 0.    75.  1.   0. 17. 18. 
150. 0. 4000. 0.    0.   0.   0.    75.  3.   0. 2.  3.

0.   0. 1000. 0.    0.   0.   0.    0.   1.   0. 0.  20.
0.   0. 1000. 0.    0.   0.   0.    0.   1.   0. 0.  20.



//------------S
20.  0. 80.   0.    40.  150. 50.   75.  1.   0. 100. 800.
0.   0. 160.  0.    0.   0.   0.    0.   1.   0. 0.   800. 

0.   0. 1000. 0.    0.   0.   0.    0.   1.   0. 0.   2000.
0.   0. 1000. 0.    0.   0.   0.    0.   1.   0. 0.   2000.

